
letter-probability matrix: alength= 4  w= 9 nsites= 73 E= 1
0.465753424658  0.493150684932  0.0  0.041095890411 
0.904109589041  0.0958904109589  0.0  0.0 
0.616438356164  0.301369863014  0.0821917808219  0.0 
0.534246575342  0.260273972603  0.150684931507  0.0547945205479 
0.0547945205479  0.945205479452  0.0  0.0 
0.684931506849  0.0  0.0  0.315068493151 
0.369863013699  0.13698630137  0.493150684932  0.0 
0.547945205479  0.369863013699  0.0547945205479  0.027397260274 
0.534246575342  0.164383561644  0.0  0.301369863014 